0 1786175115.7718644 1786175115.8244514
1 1786175115.8513014 1786175115.8867917
2 1786175115.9346473 1786175115.9704745
3 1786175116.0179758 1786175116.0610273
4 1786175116.101319 1786175116.1408634
5 1786175116.1846526 1786175116.2280483
6 1786175116.2679818 1786175116.3119082
7 1786175116.351309 1786175116.3910658
8 1786175116.4346478 1786175116.474283
9 1786175116.5180213 1786175116.5587063
10 1786175116.6013198 1786175116.639106
11 1786175117.108245 1786175117.1743488
12 1786175117.3221507 1786175117.3895588
13 1786175117.3895774 1786175117.4574385
14 1786175117.457456 1786175117.5232096
15 1786175117.6265452 1786175117.6915646
16 1786175117.6915824 1786175117.7583869
17 1786175117.7584062 1786175117.824647
18 1786175117.8246608 1786175117.894392
19 1786175117.8944087 1786175117.9571807
20 1786175117.9571931 1786175118.0256877
21 1786175118.025709 1786175118.0905294
22 1786175118.0905478 1786175118.1569893
23 1786175118.157006 1786175118.224677
24 1786175118.2246945 1786175118.291202
25 1786175118.2971368 1786175118.3565302
26 1786175118.3565485 1786175118.4237728
27 1786175118.4237916 1786175118.4917252
28 1786175118.4917448 1786175118.5583858
29 1786175118.558408 1786175118.62418
30 1786175118.6241996 1786175118.6922605
31 1786175118.6922803 1786175118.7586243
32 1786175118.7586458 1786175118.8274662
33 1786175118.8274806 1786175118.8917723
34 1786175118.8917873 1786175118.9577968
35 1786175118.957814 1786175119.0251057
36 1786175119.0251245 1786175119.092424
37 1786175119.0924466 1786175119.1593034
38 1786175119.159322 1786175119.2245038
39 1786175119.2245226 1786175119.2906704
40 1786175119.2906897 1786175119.3600605
41 1786175119.3600786 1786175119.4253337
42 1786175119.4253511 1786175119.4966443
43 1786175119.4966686 1786175119.5590467
44 1786175119.5590665 1786175119.6271398
45 1786175119.6271648 1786175119.6923108
46 1786175119.6923294 1786175119.7600024
47 1786175119.760025 1786175119.8270419
48 1786175119.827061 1786175119.8912737
49 1786175119.8912878 1786175119.9582522
50 1786175119.9582694 1786175120.0244372
51 1786175120.0244548 1786175120.0901992
52 1786175120.1012924 1786175120.158684
53 1786175120.184651 1786175120.2399108
54 1786175120.2679782 1786175120.3226283
55 1786175120.351321 1786175120.40835
56 1786175120.4346542 1786175120.48965
57 1786175120.5179675 1786175120.574479
58 1786175120.6013103 1786175120.6560297
59 1786175120.6846652 1786175120.7397852
60 1786175120.76797 1786175120.82413
61 1786175120.8513105 1786175120.9062958
62 1786175120.9346292 1786175120.9896061
63 1786175121.017962 1786175121.0753007
64 1786175121.1013238 1786175121.1558099
65 1786175121.184639 1786175121.2416284
66 1786175121.2680273 1786175121.32419
67 1786175121.3513346 1786175121.4081974
68 1786175121.4346278 1786175121.4911678
69 1786175121.517992 1786175121.5757997
70 1786175121.6013482 1786175121.6585357
71 1786175121.684645 1786175121.7407537
72 1786175121.7679918 1786175121.8224425
73 1786175121.851324 1786175121.906282
74 1786175121.9346375 1786175121.9901214
75 1786175122.0179684 1786175122.0746977
76 1786175122.101296 1786175122.1555896
77 1786175122.184692 1786175122.2387214
78 1786175122.2679555 1786175122.3229918
79 1786175122.3513293 1786175122.406209
80 1786175122.4346342 1786175122.4902523
81 1786175122.5180101 1786175122.573446
82 1786175122.6013064 1786175122.6564558
83 1786175122.684639 1786175122.7391667
84 1786175122.7679808 1786175122.8224661
85 1786175122.851305 1786175122.9057338
86 1786175122.9346745 1786175122.9901044
87 1786175123.017975 1786175123.0737894
88 1786175123.101294 1786175123.156461
89 1786175123.1846225 1786175123.2390301
90 1786175123.2679746 1786175123.3241098
91 1786175123.3513384 1786175123.4059873
92 1786175123.4346507 1786175123.4885933
93 1786175123.5179887 1786175123.571376
94 1786175123.6013362 1786175123.65435
95 1786175123.6846592 1786175123.7389042
96 1786175123.767972 1786175123.8223245
97 1786175123.8513162 1786175123.9067378
98 1786175123.934664 1786175123.988543
99 1786175124.0179791 1786175124.0724437
100 1786175124.1013255 1786175124.1547935
101 1786175124.184646 1786175124.2380319
102 1786175124.2679727 1786175124.3222265
103 1786175124.351298 1786175124.4043062
104 1786175124.43464 1786175124.4881978
105 1786175124.517999 1786175124.572124
106 1786175124.601326 1786175124.6549325
107 1786175124.684655 1786175124.7386363
108 1786175124.7679818 1786175124.8229978
109 1786175124.8513165 1786175124.9058535
110 1786175124.9346569 1786175124.988777
111 1786175125.0179734 1786175125.0724077
112 1786175125.101354 1786175125.1554499
113 1786175125.184627 1786175125.2378492
114 1786175125.2679908 1786175125.3209386
115 1786175125.351417 1786175125.4050984
116 1786175125.4346635 1786175125.488201
117 1786175125.5179954 1786175125.571413
118 1786175125.6013145 1786175125.6560638
119 1786175125.6849098 1786175125.7557297
120 1786175125.7679875 1786175125.8207598
121 1786175125.8513103 1786175125.905882
122 1786175125.934654 1786175125.9897685
123 1786175126.017992 1786175126.0735612
124 1786175126.101324 1786175126.1573071
125 1786175126.1846309 1786175126.2403262
126 1786175126.267981 1786175126.323802
127 1786175126.351359 1786175126.4054728
128 1786175126.434655 1786175126.4886994
129 1786175126.5180414 1786175126.5737302
130 1786175126.6013105 1786175126.6562166
131 1786175126.6846864 1786175126.739883
132 1786175126.767994 1786175126.823447
133 1786175126.8513253 1786175126.9062622
134 1786175126.934663 1786175126.9910922
135 1786175127.0179882 1786175127.0750425
136 1786175127.1013026 1786175127.156457
137 1786175127.1846952 1786175127.2403111
138 1786175127.267993 1786175127.3225243
139 1786175127.3513792 1786175127.4062028
140 1786175127.4346826 1786175127.4897704
141 1786175128.643642 1786175128.7098637
142 1786175128.7098885 1786175128.7760494
143 1786175128.776069 1786175128.8431919
144 1786175128.843214 1786175128.9091532
145 1786175128.9091778 1786175128.9755635
146 1786175128.9755871 1786175129.041577
147 1786175129.0416024 1786175129.107443
148 1786175129.1074605 1786175129.1742616
149 1786175129.1742835 1786175129.2410345
150 1786175129.2410562 1786175129.3055224
151 1786175129.3055365 1786175129.3731618
152 1786175129.3731747 1786175129.439514
153 1786175129.4395494 1786175129.5065413
154 1786175129.5065548 1786175129.574243
155 1786175129.57426 1786175129.6427917
156 1786175129.6428103 1786175129.7097774
157 1786175129.709796 1786175129.7758567
158 1786175129.7758777 1786175129.8426533
159 1786175129.8426752 1786175129.9101205
160 1786175129.910138 1786175129.9765012
161 1786175129.9765198 1786175130.04067
162 1786175130.0406876 1786175130.1081684
163 1786175130.1081858 1786175130.174046
164 1786175130.1740623 1786175130.2423477
165 1786175130.2423706 1786175130.3079073
166 1786175130.3079276 1786175130.3754013
167 1786175130.3754203 1786175130.4409888
168 1786175130.4410055 1786175130.505324
169 1786175130.50534 1786175130.5721989
170 1786175130.5722172 1786175130.6412454
171 1786175130.6412663 1786175130.7070835
172 1786175130.7071047 1786175130.7725034
173 1786175130.772519 1786175130.8390565
174 1786175130.839073 1786175130.9072936
175 1786175130.90731 1786175130.9740212
176 1786175130.9740374 1786175131.0399172
177 1786175131.0399344 1786175131.109564
178 1786175131.1096213 1786175131.1730688
179 1786175131.1730893 1786175131.2394226
180 1786175131.239441 1786175131.308078
181 1786175131.3080962 1786175131.3760548
182 1786175131.3760738 1786175131.4409373
183 1786175131.4409552 1786175131.506765
184 1786175131.5067837 1786175131.5745454
185 1786175131.5745628 1786175131.6423626
186 1786175131.6423817 1786175131.705857
187 1786175131.705875 1786175131.7724478
188 1786175131.7724671 1786175131.8410099
189 1786175131.8410292 1786175131.906146
190 1786175131.906164 1786175131.9735134
191 1786175131.973532 1786175132.0391157
192 1786175132.039134 1786175132.1056325
193 1786175132.1056492 1786175132.1727705
194 1786175132.1728115 1786175132.2402952
195 1786175132.2403116 1786175132.3081336
196 1786175132.3081498 1786175132.3739827
197 1786175132.3740003 1786175132.44087
198 1786175132.4408867 1786175132.508899
199 1786175132.5089226 1786175132.572288
200 1786175132.5723062 1786175132.6404529
201 1786175132.6404793 1786175132.7076063
202 1786175132.707679 1786175132.77387
203 1786175132.7738917 1786175132.8391984
204 1786175132.83922 1786175132.9073946
205 1786175132.9074123 1786175132.9743059
206 1786175132.974323 1786175133.0411024
207 1786175133.041143 1786175133.1082468
208 1786175133.1082718 1786175133.172801
209 1786175133.1846738 1786175133.2416456
210 1786175133.2680204 1786175133.3243728
211 1786175133.351346 1786175133.4081607
212 1786175133.4346616 1786175133.4906733
213 1786175133.5179794 1786175133.572364
214 1786175133.601318 1786175133.6558142
215 1786175133.6846702 1786175133.7392294
216 1786175133.7679746 1786175133.8226583
217 1786175133.8513052 1786175133.9054394
218 1786175133.9346592 1786175133.98777
219 1786175134.0179946 1786175134.0705402
220 1786175134.10132 1786175134.1558762
221 1786175134.1846714 1786175134.2389421
222 1786175134.267981 1786175134.322693
223 1786175134.3513114 1786175134.4059997
224 1786175134.4346447 1786175134.4897122
225 1786175134.5180135 1786175134.5733461
226 1786175134.601292 1786175134.6558096
227 1786175134.6846242 1786175134.739272
228 1786175134.7680295 1786175134.821682
229 1786175134.8513107 1786175134.9050648
230 1786175134.9346561 1786175134.9882572
231 1786175135.0179832 1786175135.071848
232 1786175135.101297 1786175135.155087
233 1786175135.184633 1786175135.23862
234 1786175135.2679777 1786175135.322092
235 1786175135.351309 1786175135.4058957
236 1786175135.4346492 1786175135.489177
237 1786175135.517969 1786175135.571723
238 1786175135.6013415 1786175135.655555
239 1786175135.684673 1786175135.7388198
240 1786175135.7679913 1786175135.8221717
241 1786175135.8513424 1786175135.9054415
242 1786175135.9346468 1786175135.9888008
243 1786175136.0180101 1786175136.0741682
244 1786175136.101317 1786175136.1578135
245 1786175136.1846395 1786175136.2407322
246 1786175136.2679873 1786175136.322341
247 1786175136.3513136 1786175136.4066086
248 1786175136.4346433 1786175136.4889886
249 1786175136.517993 1786175136.5721414
250 1786175136.6013079 1786175136.6556349
251 1786175136.6846542 1786175136.7400372
252 1786175136.7679842 1786175136.8224137
253 1786175136.851329 1786175136.9087381
254 1786175136.9346707 1786175136.9931865
255 1786175137.0179925 1786175137.0767348
256 1786175137.1013215 1786175137.1575785
257 1786175137.1846573 1786175137.2546403
258 1786175137.2679605 1786175137.3232205
259 1786175137.3513496 1786175137.4087603
260 1786175137.4346673 1786175137.4912057
261 1786175137.5179968 1786175137.5743086
262 1786175137.601368 1786175137.6582
263 1786175137.6846569 1786175137.7412896
264 1786175137.767999 1786175137.8224869
265 1786175137.851324 1786175137.907424
266 1786175137.9346552 1786175137.9904027
267 1786175138.018 1786175138.073694
268 1786175138.1013367 1786175138.1574724
269 1786175138.184663 1786175138.2394805
270 1786175138.2679915 1786175138.3242033
271 1786175138.351328 1786175138.4058225
272 1786175138.4346695 1786175138.4909942
273 1786175138.518005 1786175138.5757458
274 1786175138.601342 1786175138.6604433
275 1786175138.6846726 1786175138.7408903
276 1786175138.768001 1786175138.8242178
277 1786175138.8513381 1786175138.9058025
278 1786175138.9346764 1786175138.991409
279 1786175139.0179877 1786175139.072105
280 1786175139.1013248 1786175139.1562111
281 1786175139.1846416 1786175139.2394052
282 1786175139.2679582 1786175139.322616
283 1786175139.351304 1786175139.4052246
284 1786175139.4346342 1786175139.4882913
285 1786175139.5179687 1786175139.5718565
286 1786175139.601302 1786175139.6564722
287 1786175139.6846588 1786175139.738919
288 1786175139.7679644 1786175139.8227665
289 1786175139.851325 1786175139.9058685
290 1786175139.9346452 1786175139.9893909
291 1786175140.0179882 1786175140.0726295
292 1786175140.101347 1786175140.1554203
293 1786175140.1846807 1786175140.2382085
294 1786175140.2679787 1786175140.3227088
295 1786175140.3513265 1786175140.4056551
296 1786175140.4346929 1786175140.4884708
297 1786175140.5179753 1786175140.5727437
298 1786175140.6013203 1786175140.6559126
299 1786175140.684626 1786175140.7398098
300 1786175140.7679865 1786175140.8244243
301 1786175140.8513234 1786175140.9093037
302 1786175140.9346359 1786175140.99509
303 1786175141.0180044 1786175141.0903258
304 1786175141.1013033 1786175141.158606
305 1786175141.1846538 1786175141.2429361
306 1786175141.2680092 1786175141.3232865
307 1786175141.3513472 1786175141.4102805
308 1786175141.4346335 1786175141.4903314
309 1786175141.5179718 1786175141.573816
310 1786175141.6013105 1786175141.6580465
311 1786175141.6846428 1786175141.7409658
312 1786175141.7679546 1786175141.8246467
313 1786175141.8513062 1786175141.9084702
314 1786175141.9346368 1786175141.9907718
315 1786175142.0180182 1786175142.0745552
316 1786175142.101291 1786175142.156557
317 1786175142.1846879 1786175142.242458
318 1786175142.2679908 1786175142.3254175
319 1786175142.3513188 1786175142.4119046
320 1786175142.4346292 1786175142.4936986
321 1786175142.5179815 1786175142.5748377
322 1786175142.6012976 1786175142.6556973
323 1786175142.6846745 1786175142.7414968
324 1786175142.7679741 1786175142.8229733
325 1786175142.8513176 1786175142.9082248
326 1786175142.9346557 1786175142.990273
327 1786175143.0179918 1786175143.0746813
328 1786175143.1013014 1786175143.1567948
329 1786175143.1846209 1786175143.2400804
330 1786175143.2679727 1786175143.3219645
331 1786175143.3513036 1786175143.4074907
332 1786175143.434671 1786175143.49086
333 1786175143.5179589 1786175143.5725214
334 1786175143.6012993 1786175143.6557355
335 1786175143.6846244 1786175143.740871
336 1786175143.7679725 1786175143.8238995
337 1786175143.8513396 1786175143.907175
338 1786175143.9346728 1786175143.9891407
339 1786175144.017989 1786175144.0731294
340 1786175144.101314 1786175144.1566758
341 1786175144.18466 1786175144.2396164
342 1786175144.2680237 1786175144.3269253
343 1786175144.3513258 1786175144.4080937
344 1786175144.4346526 1786175144.493237
345 1786175144.5179722 1786175144.5725508
346 1786175144.6013234 1786175144.6584532
347 1786175144.6847188 1786175144.7388277
348 1786175144.7680361 1786175144.8237085
349 1786175144.85137 1786175144.9049253
350 1786175144.9347165 1786175144.991209
351 1786175145.0180166 1786175145.0722728
352 1786175145.101347 1786175145.156151
353 1786175145.1846855 1786175145.2393324
354 1786175145.26801 1786175145.3214889
355 1786175145.3513122 1786175145.4054003
356 1786175145.434628 1786175145.488707
357 1786175145.5179832 1786175145.5722816
358 1786175145.6013005 1786175145.6549277
359 1786175145.6846578 1786175145.7380803
360 1786175145.7679923 1786175145.821457
361 1786175145.8513253 1786175145.904943
362 1786175145.9346526 1786175145.988966
363 1786175146.0179722 1786175146.0719748
364 1786175146.10136 1786175146.1581278
365 1786175146.1846793 1786175146.2380185
366 1786175146.2680101 1786175146.322135
367 1786175146.3513334 1786175146.4087079
368 1786175146.434673 1786175146.4923651
369 1786175146.5180104 1786175146.573133
370 1786175146.6012979 1786175146.6565537
371 1786175146.6846323 1786175146.73981
372 1786175146.7679818 1786175146.8226159
373 1786175146.8513336 1786175146.9071162
374 1786175146.9346576 1786175146.988322
375 1786175147.017966 1786175147.071502
376 1786175147.1013017 1786175147.1553276
377 1786175147.1846628 1786175147.2389143
378 1786175147.267985 1786175147.3217752
379 1786175147.3513503 1786175147.4050534
380 1786175147.4346561 1786175147.4881442
381 1786175147.517962 1786175147.5733993
382 1786175147.6013064 1786175147.6554778
383 1786175147.6846282 1786175147.7394123
384 1786175147.767972 1786175147.822599
385 1786175147.8513658 1786175147.9076355
386 1786175147.934642 1786175147.9911048
387 1786175148.0179791 1786175148.0736263
388 1786175148.1013072 1786175148.155856
389 1786175148.1846695 1786175148.238461
390 1786175148.2679873 1786175148.321657
391 1786175148.3513253 1786175148.405688
392 1786175148.4346523 1786175148.488305
393 1786175148.5179832 1786175148.572279
394 1786175148.6013246 1786175148.654753
395 1786175148.68467 1786175148.7379394
396 1786175148.7679746 1786175148.821081
397 1786175148.85133 1786175148.9048305
398 1786175148.9346688 1786175148.9881036
399 1786175149.0179853 1786175149.071571
400 1786175149.1012866 1786175149.1550052
401 1786175149.1846528 1786175149.2375617
402 1786175149.267972 1786175149.3215117
403 1786175149.3513346 1786175149.40475
404 1786175149.434631 1786175149.4882865
405 1786175149.5179772 1786175149.5714989
406 1786175149.6013033 1786175149.6562836
407 1786175149.68466 1786175149.738073
408 1786175149.767978 1786175149.8219092
409 1786175149.8513267 1786175149.9048257
410 1786175149.934653 1786175149.9883027
411 1786175150.0179605 1786175150.0716949
412 1786175150.101306 1786175150.154571
413 1786175150.184623 1786175150.238571
414 1786175150.2679532 1786175150.3209198
415 1786175150.3513134 1786175150.4049282
416 1786175150.434643 1786175150.4885488
417 1786175150.5179572 1786175150.5715277
418 1786175150.601325 1786175150.6542447
419 1786175150.6846418 1786175150.7377598
420 1786175150.7679634 1786175150.8218527
421 1786175150.8513162 1786175150.904531
422 1786175150.9346638 1786175150.988415
423 1786175151.0179825 1786175151.0709445
424 1786175151.1013358 1786175151.1712675
425 1786175151.1846411 1786175151.2381513
426 1786175151.2680004 1786175151.3211608
427 1786175151.3513207 1786175151.405654
428 1786175151.4346573 1786175151.4885094
429 1786175151.5179965 1786175151.5718086
430 1786175151.6013181 1786175151.6548455
431 1786175151.684642 1786175151.73775
432 1786175151.7679694 1786175151.8212278
433 1786175151.851308 1786175151.904936
434 1786175151.934642 1786175151.9881802
435 1786175152.017973 1786175152.0714028
436 1786175152.101313 1786175152.154927
437 1786175152.1846483 1786175152.2376392
438 1786175152.2679856 1786175152.3210895
439 1786175152.3513086 1786175152.4039972
440 1786175152.434634 1786175152.487574
441 1786175152.5179577 1786175152.5724275
442 1786175152.6013 1786175152.654295
443 1786175152.6846366 1786175152.7398539
444 1786175152.76797 1786175152.8235157
445 1786175152.851327 1786175152.9066954
446 1786175152.9346464 1786175152.9891796
447 1786175153.0179815 1786175153.0774105
448 1786175153.1013255 1786175153.1415563
449 1786175153.1846452 1786175153.2405353
450 1786175153.2680092 1786175153.3220592
451 1786175153.3513174 1786175153.4096322
452 1786175153.4346724 1786175153.4933941
453 1786175153.5179853 1786175153.5886867
454 1786175153.6013026 1786175153.6554306
455 1786175153.6846364 1786175153.7378058
456 1786175153.7679658 1786175153.821335
457 1786175153.8512995 1786175153.904368
458 1786175153.9346547 1786175153.9884045
459 1786175154.0179694 1786175154.0714133
460 1786175154.1013174 1786175154.1543295
461 1786175154.1846447 1786175154.2385576
462 1786175154.2679634 1786175154.3209634
463 1786175154.351322 1786175154.404491
464 1786175154.4346256 1786175154.4876895
465 1786175154.5180058 1786175154.5714269
466 1786175154.601318 1786175154.6561244
467 1786175154.6846342 1786175154.737709
468 1786175154.7679842 1786175154.8210964
469 1786175154.8513255 1786175154.9044192
470 1786175154.9346592 1786175154.9888856
471 1786175155.0180283 1786175155.0713518
472 1786175155.1013675 1786175155.1563044
473 1786175155.184681 1786175155.2387006
474 1786175155.2679725 1786175155.3213682
475 1786175155.351309 1786175155.4060338
476 1786175155.4346714 1786175155.487987
477 1786175155.5180178 1786175155.5730996
478 1786175155.6013253 1786175155.6565306
479 1786175155.6846597 1786175155.740249
480 1786175155.7680283 1786175155.8243039
481 1786175155.8513622 1786175155.9091346
482 1786175155.9346492 1786175155.9941537
483 1786175156.0180073 1786175156.0961375
484 1786175156.1021702 1786175156.1799417
485 1786175156.1846766 1786175156.2609448
486 1786175156.2680004 1786175156.3490746
487 1786175156.3513274 1786175156.4269505
488 1786175156.4346745 1786175156.5108628
489 1786175156.517962 1786175156.5949707
490 1786175156.601333 1786175156.6625957
491 1786175156.6846552 1786175156.7575648
492 1786175156.7679539 1786175156.8271813
493 1786175156.8513258 1786175156.910822
494 1786175156.9346614 1786175156.9919603
495 1786175157.0179899 1786175157.098862
496 1786175157.101311 1786175157.1778316
497 1786175157.1846983 1786175157.2566042
498 1786175157.2679868 1786175157.3248246
499 1786175157.3513033 1786175157.407411
500 1786175157.4346728 1786175157.506863
501 1786175158.105761 1786175158.1783698
502 1786175158.178394 1786175158.2405093
503 1786175158.2405314 1786175158.3065636
504 1786175158.3065856 1786175158.3732626
505 1786175158.3733156 1786175158.442397
506 1786175158.442419 1786175158.5087273
507 1786175158.5087492 1786175158.5736456
508 1786175158.5736651 1786175158.6201081
509 1786175158.6201258 1786175158.6695976
510 1786175158.6696143 1786175158.719809
511 1786175158.719827 1786175158.7702177
512 1786175158.7702343 1786175158.8188355
513 1786175158.818854 1786175158.8544173
